Исходные массивы:

Array A:
1.000000 1.000000 2.000000 6.000000 24.000000 
120.000000 720.000000 5040.000000 40320.000000 362880.000000 
3628800.000000 

Array B (до переопределения):
1.000000 1.540302 1.377583 1.278290 1.218912 
1.180067 1.152810 1.132670 1.117198 1.104945 
1.095004 

Array C:
6277438562204192487878988888393020692503707483087375482269988814848.000000 6277438562204192487878988888393020692503707483087375482269988814848.000000 6277438562204192487878988888393020692503707483087375482269988814848.000000 6277438562204192487878988888393020692503707483087375482269988814848.000000 6277438562204192487878988888393020692503707483087375482269988814848.000000 
6277438562204192487878988888393020692503707483087375482269988814848.000000 6277438562204192487878988888393020692503707483087375482269988814848.000000 6277438562204192487878988888393020692503707483087375482269988814848.000000 6277438562204192487878988888393020692503707483087375482269988814848.000000 6277438562204192487878988888393020692503707483087375482269988814848.000000 
3628799.000000 

Array D (до переопределения):
1.000000 0.841471 0.993718 0.159750 0.596395 
0.158943 0.815538 -0.543346 0.933901 0.851936 
0.786682 


Переопределенные массивы:

Array B (после переопределения):
3138719281102096243939494444196510346251853741543687741134994407424.000000 3138719281102096243939494444196510346251853741543687741134994407424.000000 3138719281102096243939494444196510346251853741543687741134994407424.000000 3138719281102096243939494444196510346251853741543687741134994407424.000000 3138719281102096243939494444196510346251853741543687741134994407424.000000 
3138719281102096243939494444196510346251853741543687741134994407424.000000 3138719281102096243939494444196510346251853741543687741134994407424.000000 3138719281102096243939494444196510346251853741543687741134994407424.000000 3138719281102096243939494444196510346251853741543687741134994407424.000000 3138719281102096243939494444196510346251853741543687741134994407424.000000 
3628799.500000 

Array D (после переопределения):
1.000000 1.682942 -0.259943 -0.697737 1.132686 
0.075971 -0.169232 -0.163016 0.232364 1.020350 
-0.374867 

